196
/content/drive/MyDrive/KCL/Leprosy/results_3/bam/SRR3330052.final.bam 0.00000000 0.00004397 0.00003598 0.00050786 0.00052386 0.00049986 1.35305613 1.16639359 1.54134168 2.30407561 2.29094772 2.09847586 2.28633336 2.29597887 2.32225650 0.00070791 1.20018803 1.34325410 0.00050786 0.00049586 0.00059988 0.00110022 0.00119668 0.00049586 0.00049986 0.00042386 0.00060388 0.00175797 0.00052387 0.00049587 0.00056787 0.00053987 0.00053587 0.00051986 0.00051990 0.00058788 0.00013593 0.00053592 0.00014393 0.00015992 0.00051586 0.00051586 0.00069997 0.00057187 0.00031588 0.00017591 0.00117624 0.00035587 0.00032387 0.00049986 0.00017192 0.00015992 0.00031988 0.00028788 0.00035987 0.00055588 0.00051587 0.00028388 0.00047586 0.00048787 0.00049586 0.00016792 0.00017592 0.00016392 0.00047586 0.00053987 0.00048386 0.00047586 0.00017991 0.00035987 0.00063188 0.00062789 0.00061988 0.00062388 0.00085197 0.00114819 0.00081995 0.00115221 0.00050386 0.00048386 0.00017991 0.00050787 0.00049187 0.00033587 0.00057188 0.00076795 0.00087998 0.00061988 0.00054387 0.00058388 0.00050787 0.00072391 0.00011994 0.00013993 0.00010394 0.00015992 0.00071591 0.00072391 0.00053987 0.00073992 0.00076793 0.00012793 0.00073592 0.00069593 0.00020790 0.00014792 0.00018391 0.00011994 0.00019191 0.00009995 0.00022390 0.00009995 0.00020790 0.00013993 0.00052787 0.00059988 0.00019591 0.00054387 0.00079195 0.00055187 0.00051987 0.00054388 0.00052387 0.00024789 0.00019191 0.00009595 0.00020390 0.00012793 0.00011194 0.00022790 0.00121630 0.00014792 0.00011194 0.00059588 0.00051587 0.00055587 0.00051587 0.00059988 0.00052787 0.00047586 0.00055187 0.00049587 0.00053587 0.00051987 0.01688532 0.00166589 0.00480790 0.00063590 0.00191886 0.00193100 0.00181066 0.00134519 0.00104425 0.00132922 0.00160979 0.00329057 0.00098816 0.00090408 0.00125304 0.00045586 0.00045586 0.00047186 0.00090811 0.00103225 0.00175443 0.00041586 0.00069997 0.00270253 0.00055190 0.00088001 0.00059196 0.00209542 0.00339875 0.00243717 0.00236901 0.00473455 0.00364883 0.00415365 0.00087203 0.00187080 0.00051986 0.00051187 0.00100425 0.00061188 0.00078008 0.00325873 0.00088802 0.00054787 0.00068800 0.00013193 0.00023989 0.00108443 0.00055187 0.00056387 0.00055187 0.00057987 
/content/drive/MyDrive/KCL/Leprosy/results_3/bam/SRR3330053.final.bam 0.00004397 0.00000000 0.00000800 0.00047986 0.00049586 0.00047186 1.35305288 1.16639053 1.54133832 2.30407203 2.29094414 2.09847237 2.28632979 2.29597529 2.32225292 0.00067990 1.20022629 1.34325086 0.00047986 0.00046786 0.00057188 0.00108821 0.00116825 0.00046786 0.00047186 0.00039586 0.00057587 0.00172990 0.00049586 0.00046787 0.00053987 0.00051186 0.00050787 0.00049186 0.00049190 0.00055987 0.00010794 0.00050791 0.00011594 0.00012393 0.00048786 0.00048786 0.00067196 0.00054387 0.00027988 0.00013193 0.00114822 0.00032787 0.00029588 0.00047186 0.00014393 0.00013193 0.00029188 0.00025989 0.00032388 0.00052787 0.00048787 0.00025589 0.00044786 0.00045987 0.00046786 0.00013993 0.00013993 0.00013593 0.00044786 0.00051187 0.00045586 0.00044786 0.00015192 0.00033187 0.00060388 0.00059989 0.00059188 0.00059588 0.00082396 0.00112017 0.00079194 0.00112419 0.00047586 0.00045586 0.00015192 0.00047986 0.00046387 0.00029988 0.00054388 0.00073994 0.00085197 0.00059187 0.00051587 0.00055587 0.00047986 0.00069590 0.00008395 0.00010394 0.00006796 0.00012393 0.00068790 0.00069590 0.00051186 0.00071191 0.00073992 0.00008395 0.00070791 0.00066792 0.00017991 0.00010394 0.00015592 0.00007596 0.00015592 0.00005597 0.00018791 0.00005597 0.00017192 0.00009595 0.00049986 0.00057187 0.00015992 0.00051587 0.00076393 0.00052387 0.00049187 0.00051588 0.00049587 0.00021190 0.00016392 0.00005997 0.00017591 0.00008395 0.00006796 0.00019990 0.00118827 0.00011194 0.00006796 0.00056787 0.00048787 0.00052787 0.00048786 0.00057187 0.00049987 0.00044786 0.00052387 0.00046787 0.00050787 0.00049186 0.01689757 0.00163782 0.00479578 0.00060789 0.00189078 0.00190291 0.00178258 0.00131714 0.00101623 0.00130116 0.00158172 0.00326241 0.00096014 0.00087606 0.00122499 0.00042786 0.00042786 0.00044386 0.00088009 0.00100422 0.00172636 0.00038786 0.00067196 0.00267441 0.00052389 0.00085200 0.00057195 0.00206733 0.00337059 0.00242511 0.00234090 0.00472244 0.00363674 0.00414155 0.00084402 0.00184272 0.00049186 0.00048387 0.00097622 0.00058387 0.00075207 0.00323057 0.00086000 0.00051987 0.00065999 0.00009595 0.00021190 0.00105640 0.00052386 0.00053587 0.00052386 0.00055187 
/content/drive/MyDrive/KCL/Leprosy/results_3/bam/SRR3330054.final.bam 0.00003598 0.00000800 0.00000000 0.00047986 0.00049586 0.00047186 1.35303368 1.16637339 1.54131741 2.30404573 2.29091794 2.09844761 2.28630362 2.29594904 2.32222650 0.00067990 1.20020862 1.34323175 0.00047986 0.00046786 0.00057188 0.00108821 0.00116825 0.00046786 0.00047186 0.00039586 0.00057587 0.00172990 0.00049586 0.00046787 0.00053987 0.00051186 0.00050787 0.00049186 0.00049190 0.00055987 0.00010794 0.00050791 0.00011594 0.00013193 0.00048786 0.00048786 0.00067196 0.00054387 0.00028788 0.00013993 0.00114822 0.00032787 0.00029588 0.00047186 0.00014393 0.00013193 0.00029188 0.00025989 0.00033188 0.00052787 0.00048787 0.00025589 0.00044786 0.00045987 0.00046786 0.00013993 0.00014793 0.00013593 0.00044786 0.00051187 0.00045586 0.00044786 0.00015192 0.00033187 0.00060388 0.00059989 0.00059188 0.00059588 0.00082396 0.00112017 0.00079194 0.00112419 0.00047586 0.00045586 0.00015192 0.00047986 0.00046387 0.00029988 0.00054388 0.00073994 0.00085197 0.00059187 0.00051587 0.00055587 0.00047986 0.00069590 0.00008395 0.00010394 0.00006796 0.00012393 0.00068790 0.00069590 0.00051186 0.00071191 0.00073992 0.00009195 0.00070791 0.00066792 0.00017991 0.00011194 0.00015592 0.00008395 0.00016392 0.00006396 0.00019591 0.00006396 0.00017991 0.00010394 0.00049986 0.00057187 0.00016792 0.00051587 0.00076393 0.00052387 0.00049187 0.00051588 0.00049587 0.00021190 0.00016392 0.00005997 0.00017591 0.00009195 0.00007596 0.00019990 0.00118827 0.00011194 0.00007596 0.00056787 0.00048787 0.00052787 0.00048786 0.00057187 0.00049987 0.00044786 0.00052387 0.00046787 0.00050787 0.00049186 0.01689757 0.00163782 0.00479578 0.00060789 0.00189078 0.00190291 0.00178258 0.00131714 0.00101623 0.00130116 0.00158172 0.00326241 0.00096014 0.00087606 0.00122499 0.00042786 0.00042786 0.00044386 0.00088009 0.00100422 0.00172636 0.00038786 0.00067196 0.00267441 0.00052389 0.00085200 0.00057195 0.00206733 0.00337059 0.00242511 0.00234090 0.00472244 0.00363674 0.00414155 0.00084402 0.00184272 0.00049186 0.00048387 0.00097622 0.00058387 0.00075207 0.00323057 0.00086000 0.00051987 0.00065999 0.00009595 0.00021190 0.00105640 0.00052386 0.00053587 0.00052386 0.00055187 
/content/drive/MyDrive/KCL/Leprosy/results_3/bam/SRR3672737.final.bam 0.00050786 0.00047986 0.00047986 0.00000000 0.00003998 0.00000800 1.35288968 1.16604031 1.54120762 2.30392570 2.29079866 2.09833880 2.28619853 2.29582943 2.32210555 0.00023989 1.20011789 1.34310915 0.00001599 0.00001999 0.00012394 0.00074397 0.00071994 0.00001199 0.00000800 0.00037986 0.00055987 0.00171379 0.00047986 0.00045187 0.00051587 0.00049586 0.00049187 0.00047586 0.00047590 0.00054387 0.00046786 0.00049191 0.00047586 0.00049186 0.00047186 0.00047186 0.00067196 0.00052786 0.00063989 0.00051586 0.00097207 0.00067989 0.00065589 0.00029588 0.00050386 0.00048387 0.00064389 0.00061988 0.00068391 0.00088800 0.00047187 0.00052786 0.00025589 0.00029188 0.00029188 0.00049187 0.00050787 0.00049587 0.00027189 0.00049587 0.00027988 0.00027189 0.00043186 0.00061188 0.00058788 0.00059189 0.00056787 0.00057987 0.00083997 0.00114019 0.00080795 0.00114020 0.00029988 0.00027988 0.00042386 0.00030388 0.00028788 0.00066789 0.00053587 0.00075594 0.00086798 0.00057587 0.00049987 0.00057188 0.00046386 0.00071191 0.00049186 0.00048786 0.00046786 0.00049986 0.00070391 0.00071991 0.00049586 0.00072792 0.00075592 0.00049986 0.00072391 0.00067592 0.00045986 0.00048786 0.00050786 0.00049186 0.00052386 0.00047186 0.00047586 0.00047186 0.00045986 0.00047986 0.00048386 0.00055587 0.00052787 0.00049987 0.00077994 0.00050787 0.00047587 0.00034788 0.00047187 0.00064389 0.00052386 0.00046786 0.00045586 0.00049986 0.00045986 0.00047186 0.00117225 0.00049586 0.00048386 0.00055187 0.00047187 0.00051187 0.00047186 0.00055587 0.00048387 0.00043186 0.00050787 0.00045187 0.00049187 0.00031588 0.01688040 0.00162172 0.00477945 0.00059189 0.00187466 0.00188679 0.00176647 0.00130106 0.00100021 0.00128508 0.00156161 0.00324619 0.00094413 0.00086005 0.00120852 0.00028388 0.00027588 0.00029188 0.00086408 0.00098821 0.00171024 0.00037186 0.00065596 0.00265823 0.00063992 0.00092004 0.00055595 0.00207929 0.00335436 0.00240895 0.00232474 0.00470611 0.00362049 0.00412527 0.00082801 0.00182660 0.00047586 0.00046787 0.00096021 0.00056787 0.00074406 0.00324251 0.00087601 0.00050386 0.00071201 0.00049586 0.00048386 0.00110045 0.00050786 0.00051987 0.00050786 0.00053587 
/content/drive/MyDrive/KCL/Leprosy/results_3/bam/SRR3672738.final.bam 0.00052386 0.00049586 0.00049586 0.00003998 0.00000000 0.00003198 1.35297388 1.16611561 1.54129921 2.30404081 2.29091331 2.09844714 2.28631306 2.29594430 2.32222119 0.00021590 1.20017478 1.34317245 0.00003998 0.00002798 0.00013193 0.00070396 0.00067992 0.00003598 0.00003198 0.00039586 0.00057587 0.00172181 0.00049586 0.00046787 0.00053187 0.00051186 0.00050787 0.00049186 0.00049190 0.00055987 0.00048386 0.00049191 0.00049186 0.00050786 0.00048786 0.00048786 0.00068797 0.00054387 0.00064789 0.00053187 0.00098808 0.00069590 0.00067189 0.00031188 0.00051986 0.00049987 0.00065989 0.00063589 0.00067991 0.00090401 0.00046387 0.00054386 0.00027188 0.00030788 0.00030788 0.00050787 0.00052387 0.00051187 0.00028788 0.00051187 0.00029588 0.00028788 0.00044786 0.00059188 0.00060388 0.00060789 0.00058387 0.00059588 0.00085597 0.00115620 0.00082396 0.00115622 0.00031588 0.00029588 0.00043986 0.00031988 0.00030388 0.00068390 0.00054388 0.00075594 0.00088399 0.00059187 0.00051587 0.00058788 0.00047986 0.00072791 0.00050786 0.00050386 0.00048386 0.00051586 0.00071991 0.00073592 0.00051186 0.00074393 0.00077193 0.00051586 0.00073992 0.00069193 0.00047586 0.00050386 0.00052386 0.00050786 0.00053987 0.00048786 0.00049186 0.00048786 0.00047586 0.00049586 0.00049986 0.00057187 0.00054387 0.00051587 0.00079595 0.00052387 0.00048387 0.00036388 0.00048787 0.00064789 0.00053987 0.00048386 0.00047186 0.00051586 0.00047586 0.00048786 0.00114022 0.00051186 0.00049986 0.00056787 0.00048787 0.00052787 0.00048786 0.00057187 0.00049987 0.00044786 0.00052387 0.00046787 0.00050787 0.00032387 0.01688062 0.00163778 0.00476734 0.00059989 0.00186261 0.00186270 0.00176245 0.00130909 0.00100822 0.00126907 0.00155360 0.00323412 0.00092811 0.00086005 0.00121252 0.00029988 0.00029188 0.00030788 0.00085607 0.00100422 0.00170222 0.00038786 0.00067196 0.00264617 0.00064792 0.00093605 0.00057195 0.00207927 0.00336246 0.00241299 0.00231669 0.00470610 0.00360846 0.00411317 0.00083201 0.00182660 0.00049186 0.00048387 0.00096021 0.00058387 0.00072405 0.00324248 0.00088402 0.00051987 0.00071201 0.00051186 0.00049986 0.00110846 0.00052386 0.00053587 0.00052386 0.00055187 
/content/drive/MyDrive/KCL/Leprosy/results_3/bam/SRR3672739.final.bam 0.00049986 0.00047186 0.00047186 0.00000800 0.00003198 0.00000000 1.35286943 1.16601996 1.54118827 2.30391295 2.29078579 2.09832423 2.28618561 2.29581660 2.32209297 0.00023190 1.20009734 1.34308888 0.00000800 0.00001199 0.00011594 0.00073597 0.00071194 0.00000400 0.00000040 0.00037186 0.00055187 0.00170578 0.00047186 0.00044387 0.00050787 0.00048786 0.00048387 0.00046786 0.00046790 0.00053587 0.00045986 0.00048391 0.00046786 0.00048386 0.00046386 0.00046386 0.00066396 0.00051986 0.00063188 0.00050786 0.00096406 0.00067189 0.00064788 0.00028788 0.00049586 0.00047587 0.00063589 0.00061188 0.00067590 0.00088000 0.00046387 0.00051986 0.00024789 0.00028388 0.00028388 0.00048387 0.00049987 0.00048787 0.00026389 0.00048787 0.00027189 0.00026389 0.00042386 0.00060388 0.00057987 0.00058388 0.00055987 0.00057187 0.00083196 0.00113218 0.00079994 0.00113219 0.00029188 0.00027189 0.00041586 0.00029588 0.00027988 0.00065989 0.00052787 0.00074794 0.00085997 0.00056787 0.00049187 0.00056388 0.00045586 0.00070391 0.00048386 0.00047986 0.00045986 0.00049186 0.00069590 0.00071191 0.00048786 0.00071992 0.00074792 0.00049186 0.00071591 0.00066792 0.00045186 0.00047986 0.00049986 0.00048386 0.00051586 0.00046386 0.00046786 0.00046386 0.00045186 0.00047186 0.00047586 0.00054787 0.00051987 0.00049187 0.00077194 0.00049986 0.00046787 0.00033988 0.00046387 0.00063589 0.00051586 0.00045986 0.00044786 0.00049186 0.00045186 0.00046386 0.00116424 0.00048786 0.00047586 0.00054387 0.00046387 0.00050386 0.00046386 0.00054787 0.00047587 0.00042386 0.00049986 0.00044387 0.00048387 0.00030788 0.01687218 0.00161370 0.00477138 0.00058389 0.00186664 0.00187877 0.00175845 0.00129304 0.00099220 0.00127707 0.00155360 0.00323815 0.00093612 0.00085205 0.00120051 0.00027588 0.00026789 0.00028388 0.00085607 0.00098020 0.00170222 0.00036387 0.00064795 0.00265020 0.00063192 0.00091203 0.00054795 0.00207127 0.00334632 0.00240093 0.00231671 0.00469805 0.00361245 0.00411721 0.00082000 0.00181858 0.00046786 0.00045987 0.00095220 0.00055987 0.00073606 0.00323447 0.00086801 0.00049586 0.00070401 0.00048786 0.00047586 0.00109244 0.00049986 0.00051187 0.00049986 0.00052786 
/content/drive/MyDrive/KCL/Leprosy/results_3/bam/SRR3672740.final.bam 1.35305613 1.35305288 1.35303368 1.35288968 1.35297388 1.35286943 0.00000000 0.06914626 0.06432562 0.35723617 0.35256626 0.28387439 0.35021725 0.35293331 0.36716560 1.35353015 0.08464885 0.03755457 1.35288994 1.35283570 1.35306045 1.35428398 1.35430970 1.35284749 1.35286943 1.35260504 1.35320799 1.35668787 1.35294090 1.35288601 1.35308223 1.35297600 1.35305561 1.35296356 1.35251258 1.35308739 1.35302234 1.35303633 1.35305169 1.35308040 1.35292884 1.35292884 1.35233344 1.35314995 1.35358261 1.35317370 1.35436057 1.35356908 1.35350273 1.35275892 1.35314644 1.35301115 1.35355283 1.35338295 1.35387101 1.35403031 1.35269315 1.35313026 1.35276342 1.35276079 1.35276692 1.35304323 1.35314700 1.35303927 1.35271457 1.35286696 1.35274390 1.35271687 1.35289260 1.35353768 1.35328507 1.35322753 1.35322176 1.35311422 1.35378072 1.35452529 1.35362847 1.35457629 1.35278116 1.35270598 1.35286471 1.35280359 1.35274296 1.35362807 1.35313457 1.35402883 1.35386763 1.35316018 1.35260072 1.35327641 1.35281442 1.35339529 1.35300197 1.35306836 1.35299052 1.35310501 1.35342621 1.35339470 1.35264964 1.35345361 1.35353938 1.35311947 1.35343021 1.35328660 1.35295827 1.35308904 1.35312693 1.35306396 1.35320703 1.35300723 1.35298594 1.35301654 1.35298354 1.35305655 1.35289963 1.35324497 1.35321678 1.35259535 1.35377351 1.35295708 1.35282391 1.35283867 1.35289492 1.35371563 1.35311363 1.35296686 1.35297671 1.35301664 1.35300477 1.35299865 1.35507744 1.35306667 1.35305780 1.35316422 1.35289225 1.35298766 1.35293322 1.35316276 1.35302369 1.35277806 1.35301292 1.35279623 1.35295917 1.35287523 1.35977769 1.35561229 1.36310595 1.35307282 1.35549029 1.35622654 1.35563802 1.35459037 1.35366913 1.35457771 1.35497742 1.36027913 1.35361776 1.35348952 1.35394394 1.35280601 1.35277352 1.35282649 1.35313518 1.35362588 1.35555757 1.35261694 1.35238814 1.35834544 1.35323033 1.35404611 1.35268096 1.35776826 1.35720780 1.35557873 1.35661575 1.36166645 1.35857529 1.36227843 1.35365128 1.35598403 1.35285360 1.35283341 1.35369872 1.35205795 1.35270570 1.36134124 1.35398842 1.35298199 1.35323022 1.35310599 1.35304617 1.35410605 1.35223092 1.35227047 1.35223092 1.35225948 
/content/drive/MyDrive/KCL/Leprosy/results_3/bam/SRR3672741.final.bam 1.16639359 1.16639053 1.16637339 1.16604031 1.16611561 1.16601996 0.06914626 0.00000000 0.12477645 0.45446706 0.44814245 0.35761319 0.44497238 0.44956402 0.46489286 1.16653582 0.08838824 0.07024237 1.16604044 1.16599024 1.16615609 1.16746919 1.16740033 1.16599999 1.16601996 1.16597092 1.16655728 1.16974768 1.16628582 1.16625573 1.16644255 1.16632417 1.16639797 1.16630529 1.16598281 1.16645546 1.16638046 1.16625788 1.16639112 1.16642214 1.16627506 1.16627506 1.16594152 1.16647959 1.16689336 1.16650546 1.16768505 1.16689894 1.16683384 1.16607919 1.16647913 1.16635398 1.16687093 1.16672079 1.16711826 1.16737161 1.16620749 1.16645889 1.16604374 1.16607879 1.16608303 1.16638412 1.16647937 1.16637795 1.16603505 1.16631688 1.16606236 1.16603758 1.16623773 1.16684216 1.16664393 1.16659139 1.16663043 1.16653727 1.16707394 1.16782065 1.16693079 1.16795975 1.16609943 1.16602835 1.16621294 1.16611960 1.16606020 1.16688383 1.16651644 1.16728616 1.16716070 1.16658435 1.16621669 1.16663460 1.16626220 1.16672010 1.16634356 1.16641064 1.16633389 1.16644024 1.16672236 1.16669526 1.16622673 1.16675174 1.16683943 1.16645285 1.16673653 1.16658555 1.16630762 1.16642629 1.16646275 1.16640021 1.16653549 1.16634836 1.16633228 1.16635548 1.16632715 1.16639590 1.16627223 1.16658697 1.16654482 1.16617236 1.16714315 1.16635746 1.16626922 1.16613736 1.16631710 1.16699047 1.16647508 1.16631034 1.16631864 1.16636216 1.16634356 1.16634170 1.16831199 1.16640848 1.16639522 1.16652141 1.16626383 1.16638819 1.16630321 1.16651797 1.16636797 1.16615072 1.16637874 1.16618878 1.16632524 1.16610941 1.17253837 1.16863524 1.17618584 1.16639130 1.16900976 1.16973626 1.16925249 1.16826641 1.16744980 1.16829442 1.16866390 1.17355467 1.16738350 1.16724079 1.16775968 1.16611834 1.16608483 1.16613882 1.16695199 1.16739309 1.16919539 1.16598467 1.16630711 1.17175444 1.16666109 1.16741582 1.16611380 1.17071663 1.17076233 1.16886671 1.17017572 1.17474254 1.17188098 1.17543829 1.16684265 1.16955354 1.16635830 1.16625459 1.16709088 1.16598372 1.16651399 1.17396552 1.16727140 1.16639561 1.16668481 1.16643979 1.16639040 1.16751924 1.16614812 1.16618351 1.16614812 1.16621462 
/content/drive/MyDrive/KCL/Leprosy/results_3/bam/SRR3672742.final.bam 1.54134168 1.54133832 1.54131741 1.54120762 1.54129921 1.54118827 0.06432562 0.12477645 0.00000000 0.27642517 0.27332433 0.22762225 0.27148892 0.27342596 0.28585398 1.54187148 0.13486726 0.07067999 1.54120804 1.54115111 1.54138824 1.54265934 1.54272816 1.54116484 1.54118827 1.54092100 1.54152452 1.54515571 1.54126884 1.54121056 1.54141064 1.54129894 1.54138206 1.54129453 1.54082316 1.54140658 1.54130916 1.54135869 1.54133514 1.54136007 1.54125580 1.54125580 1.54065912 1.54148822 1.54184883 1.54146156 1.54258749 1.54184432 1.54177909 1.54109148 1.54143408 1.54129177 1.54184258 1.54165567 1.54218351 1.54223320 1.54105737 1.54139954 1.54109875 1.54109579 1.54110407 1.54132489 1.54143485 1.54132373 1.54104852 1.54122518 1.54107913 1.54105042 1.54117514 1.54183640 1.54160772 1.54153636 1.54158509 1.54146450 1.54204704 1.54276106 1.54188987 1.54281841 1.54109549 1.54103805 1.54114473 1.54113949 1.54107959 1.54191589 1.54143624 1.54235570 1.54213112 1.54151806 1.54094039 1.54157329 1.54117094 1.54166307 1.54128469 1.54134778 1.54127163 1.54139148 1.54170244 1.54166688 1.54098650 1.54172633 1.54180683 1.54140750 1.54169434 1.54154250 1.54123360 1.54137370 1.54141182 1.54135063 1.54149749 1.54129039 1.54126365 1.54130197 1.54126466 1.54133994 1.54122041 1.54158859 1.54150717 1.54093421 1.54201811 1.54130599 1.54119326 1.54116886 1.54125438 1.54202575 1.54139309 1.54124873 1.54126000 1.54129425 1.54129061 1.54127987 1.54351019 1.54134676 1.54134341 1.54149287 1.54121443 1.54133524 1.54123615 1.54149380 1.54134908 1.54110334 1.54133752 1.54112160 1.54128526 1.54120973 1.54942538 1.54399945 1.55211244 1.54141447 1.54399869 1.54476820 1.54420858 1.54309752 1.54213653 1.54307539 1.54349795 1.54903312 1.54208155 1.54192698 1.54244256 1.54110565 1.54107547 1.54112537 1.54157297 1.54209891 1.54411819 1.54093031 1.54077272 1.54707807 1.54151314 1.54227565 1.54096701 1.54620805 1.54591209 1.54389098 1.54525157 1.55051051 1.54728693 1.55119642 1.54200520 1.54455686 1.54122323 1.54119610 1.54199093 1.54044170 1.54102481 1.55000569 1.54228245 1.54134826 1.54145604 1.54139396 1.54132415 1.54234548 1.54061843 1.54066122 1.54061843 1.54064982 
/content/drive/MyDrive/KCL/Leprosy/results_3/bam/SRR3672743.final.bam 2.30407561 2.30407203 2.30404573 2.30392570 2.30404081 2.30391295 0.35723617 0.45446706 0.27642517 0.00000000 0.01762653 0.06707424 0.02068906 0.01777507 0.02272954 2.30461734 0.46539415 0.36258687 2.30392692 2.30386459 2.30412277 2.30553743 2.30538364 2.30388561 2.30391295 2.30365069 2.30429090 2.30806972 2.30402481 2.30397683 2.30420350 2.30401444 2.30404031 2.30406217 2.30343204 2.30415744 2.30405300 2.30410106 2.30404605 2.30406449 2.30400945 2.30400945 2.30339943 2.30426579 2.30451923 2.30419148 2.30465170 2.30446835 2.30441655 2.30376633 2.30413810 2.30398005 2.30450091 2.30426369 2.30490968 2.30462691 2.30387365 2.30403790 2.30381436 2.30380878 2.30382661 2.30401383 2.30413920 2.30402604 2.30376289 2.30396148 2.30379563 2.30376253 2.30391490 2.30457086 2.30435041 2.30418658 2.30440357 2.30423682 2.30446325 2.30491815 2.30430293 2.30515678 2.30379423 2.30373136 2.30387699 2.30385196 2.30380210 2.30459020 2.30430417 2.30517545 2.30452503 2.30427242 2.30377956 2.30435044 2.30398804 2.30420242 2.30401232 2.30402642 2.30399377 2.30412394 2.30426208 2.30422573 2.30381443 2.30425820 2.30431312 2.30414498 2.30419881 2.30412738 2.30393375 2.30409999 2.30413398 2.30406102 2.30420717 2.30402001 2.30397058 2.30404084 2.30396049 2.30406429 2.30400117 2.30437861 2.30420044 2.30377716 2.30459171 2.30401692 2.30401727 2.30380586 2.30407448 2.30478836 2.30407839 2.30397715 2.30399349 2.30399729 2.30400585 2.30400181 2.30636486 2.30402899 2.30406364 2.30422467 2.30397591 2.30403619 2.30404170 2.30423659 2.30400659 2.30393365 2.30412202 2.30389565 2.30402869 2.30389401 2.31694520 2.30703781 2.31641141 2.30414663 2.30690803 2.30796709 2.30735868 2.30613874 2.30512298 2.30608877 2.30650233 2.31265415 2.30506791 2.30481161 2.30540103 2.30385310 2.30381053 2.30386694 2.30450002 2.30510813 2.30722846 2.30363324 2.30352453 2.31044181 2.30408099 2.30453989 2.30349672 2.30902708 2.30950013 2.30638781 2.30855034 2.31450275 2.31098671 2.31509104 2.30477380 2.30760836 2.30406617 2.30401623 2.30484255 2.30326765 2.30384692 2.31357951 2.30485051 2.30419481 2.30408277 2.30413240 2.30401110 2.30469628 2.30344056 2.30349221 2.30344056 2.30348095 
/content/drive/MyDrive/KCL/Leprosy/results_3/bam/SRR3672744.final.bam 2.29094772 2.29094414 2.29091794 2.29079866 2.29091331 2.29078579 0.35256626 0.44814245 0.27332433 0.01762653 0.00000000 0.06395137 0.02166032 0.01828876 0.02557804 2.29148959 0.45929373 0.35827093 2.29079985 2.29073765 2.29099521 2.29240662 2.29230997 2.29075853 2.29078579 2.29052316 2.29116291 2.29493764 2.29089708 2.29084913 2.29107581 2.29088706 2.29091265 2.29093421 2.29033711 2.29103051 2.29092494 2.29097196 2.29091823 2.29093712 2.29088175 2.29088175 2.29025844 2.29113760 2.29139198 2.29106362 2.29153377 2.29134230 2.29129028 2.29063940 2.29099641 2.29085262 2.29137368 2.29113759 2.29178132 2.29150457 2.29074544 2.29091135 2.29068740 2.29068186 2.29069952 2.29088639 2.29101145 2.29089835 2.29063597 2.29086067 2.29066866 2.29063565 2.29078695 2.29144282 2.29122356 2.29106017 2.29127571 2.29110983 2.29143136 2.29189004 2.29127114 2.29202154 2.29066722 2.29060447 2.29074918 2.29072504 2.29067502 2.29146322 2.29118229 2.29203233 2.29149352 2.29114572 2.29065138 2.29120831 2.29085981 2.29116961 2.29088456 2.29092506 2.29086611 2.29099606 2.29122855 2.29119258 2.29068661 2.29123274 2.29128051 2.29101700 2.29116627 2.29109381 2.29080650 2.29097223 2.29100628 2.29093314 2.29107930 2.29089220 2.29084320 2.29091287 2.29083289 2.29093657 2.29087375 2.29125016 2.29107251 2.29064909 2.29145314 2.29088924 2.29086164 2.29067926 2.29094617 2.29165977 2.29095101 2.29084938 2.29086563 2.29086997 2.29090385 2.29087415 2.29322155 2.29092757 2.29093565 2.29109730 2.29084847 2.29090868 2.29089992 2.29110902 2.29087896 2.29080573 2.29099450 2.29076799 2.29090118 2.29076722 2.30378641 2.29389454 2.30330814 2.29101816 2.29384578 2.29483140 2.29427841 2.29304719 2.29204678 2.29299807 2.29341066 2.29954877 2.29199189 2.29173744 2.29232352 2.29072555 2.29068284 2.29073949 2.29142520 2.29203134 2.29414847 2.29050584 2.29046454 2.29734259 2.29095444 2.29144617 2.29040074 2.29598890 2.29640970 2.29329268 2.29545256 2.30140456 2.29789449 2.30197996 2.29164526 2.29451435 2.29093797 2.29088770 2.29169754 2.29019493 2.29079244 2.30047262 2.29181669 2.29106617 2.29100923 2.29100441 2.29088371 2.29161632 2.29036786 2.29041933 2.29036786 2.29040808 
/content/drive/MyDrive/KCL/Leprosy/results_3/bam/SRR3672745.final.bam 2.09847586 2.09847237 2.09844761 2.09833880 2.09844714 2.09832423 0.28387439 0.35761319 0.22762225 0.06707424 0.06395137 0.00000000 0.06070869 0.06355734 0.07443418 2.09902138 0.37294348 0.28857586 2.09833978 2.09827906 2.09852828 2.09991156 2.09978048 2.09829802 2.09832423 2.09807127 2.09869010 2.10241525 2.09842731 2.09837986 2.09860720 2.09842259 2.09848623 2.09846129 2.09786184 2.09857286 2.09845055 2.09849799 2.09844720 2.09847294 2.09841256 2.09841256 2.09777570 2.09866185 2.09893080 2.09859264 2.09928477 2.09889844 2.09884301 2.09822130 2.09854071 2.09838732 2.09891272 2.09869260 2.09930485 2.09915539 2.09826845 2.09845917 2.09822841 2.09824837 2.09826352 2.09842088 2.09854174 2.09842933 2.09820220 2.09840003 2.09823430 2.09820248 2.09831385 2.09897010 2.09876767 2.09866289 2.09880521 2.09865158 2.09907969 2.09959490 2.09892050 2.09966282 2.09823234 2.09817107 2.09827806 2.09829160 2.09823911 2.09900604 2.09869943 2.09955834 2.09914744 2.09869184 2.09817445 2.09874658 2.09839002 2.09875120 2.09841445 2.09846084 2.09839742 2.09852450 2.09879959 2.09876913 2.09821504 2.09880902 2.09886531 2.09854413 2.09875172 2.09866399 2.09834359 2.09850228 2.09853743 2.09846136 2.09860808 2.09842152 2.09837853 2.09843972 2.09839117 2.09846722 2.09840859 2.09877101 2.09860039 2.09817370 2.09904420 2.09842026 2.09841000 2.09825033 2.09847549 2.09917951 2.09848669 2.09837909 2.09839399 2.09840625 2.09843016 2.09840547 2.10073718 2.09846237 2.09847770 2.09863354 2.09838292 2.09844229 2.09844768 2.09864239 2.09845276 2.09833298 2.09852816 2.09834942 2.09850068 2.09833584 2.10991343 2.10134593 2.11039491 2.09855383 2.10133773 2.10225594 2.10165710 2.10047544 2.09947941 2.10043875 2.10083817 2.10680531 2.09942698 2.09919928 2.09975333 2.09825817 2.09821334 2.09827360 2.09887659 2.09945538 2.10162807 2.09805578 2.09797489 2.10468454 2.09851787 2.09910064 2.09794090 2.10351750 2.10366068 2.10099434 2.10279536 2.10855417 2.10512286 2.10925632 2.09919738 2.10195221 2.09846168 2.09840628 2.09922062 2.09767401 2.09827817 2.10778638 2.09938478 2.09858366 2.09851771 2.09853132 2.09841905 2.09917571 2.09784762 2.09789677 2.09784762 2.09788545 
/content/drive/MyDrive/KCL/Leprosy/results_3/bam/SRR3672746.final.bam 2.28633336 2.28632979 2.28630362 2.28619853 2.28631306 2.28618561 0.35021725 0.44497238 0.27148892 0.02068906 0.02166032 0.06070869 0.00000000 0.01916055 0.02695327 2.28688946 0.45576748 0.35537383 2.28619972 2.28613753 2.28639496 2.28781970 2.28770986 2.28615837 2.28618561 2.28593706 2.28656258 2.29033719 2.28629674 2.28624879 2.28647555 2.28628684 2.28632664 2.28633380 2.28572988 2.28643050 2.28631052 2.28634392 2.28630388 2.28632295 2.28628142 2.28628142 2.28566871 2.28653719 2.28677801 2.28644932 2.28693573 2.28672873 2.28667662 2.28601201 2.28638209 2.28621104 2.28675971 2.28649658 2.28716710 2.28694413 2.28614489 2.28629746 2.28608726 2.28604051 2.28607209 2.28624481 2.28636980 2.28625669 2.28600858 2.28623437 2.28604126 2.28600827 2.28617252 2.28682859 2.28662364 2.28646035 2.28667546 2.28650983 2.28690021 2.28733311 2.28673997 2.28743778 2.28603981 2.28597708 2.28613479 2.28609768 2.28604759 2.28684937 2.28657550 2.28744582 2.28696252 2.28654583 2.28606478 2.28662186 2.28625929 2.28658343 2.28627023 2.28631089 2.28625181 2.28638173 2.28664214 2.28660629 2.28610015 2.28664646 2.28669444 2.28640265 2.28658018 2.28650734 2.28619232 2.28635793 2.28639202 2.28631878 2.28646500 2.28627786 2.28622899 2.28629847 2.28621859 2.28632227 2.28627352 2.28664970 2.28643083 2.28606253 2.28686802 2.28628892 2.28626110 2.28605200 2.28634565 2.28704542 2.28633684 2.28623503 2.28625125 2.28625579 2.28628944 2.28625985 2.28863581 2.28631337 2.28632126 2.28649716 2.28624822 2.28630843 2.28631392 2.28650882 2.28629294 2.28620529 2.28639427 2.28616764 2.28630093 2.28613992 2.29911737 2.28931292 2.29871534 2.28643190 2.28925917 2.29024360 2.28969063 2.28847384 2.28745966 2.28842501 2.28883739 2.29497273 2.28740481 2.28715094 2.28768258 2.28612522 2.28608245 2.28613920 2.28683836 2.28744402 2.28956074 2.28593377 2.28589202 2.29276798 2.28634056 2.28683451 2.28573983 2.29140242 2.29181908 2.28869724 2.29087782 2.29681290 2.29330373 2.29740273 2.28705919 2.28994063 2.28633749 2.28628708 2.28711702 2.28560841 2.28619115 2.29588280 2.28723038 2.28646558 2.28643548 2.28639005 2.28626951 2.28699638 2.28578140 2.28583284 2.28578140 2.28582157 
/content/drive/MyDrive/KCL/Leprosy/results_3/bam/SRR3672747.final.bam 2.29597887 2.29597529 2.29594904 2.29582943 2.29594430 2.29581660 0.35293331 0.44956402 0.27342596 0.01777507 0.01828876 0.06355734 0.01916055 0.00000000 0.02485332 2.29652087 0.46051575 0.35892194 2.29583064 2.29576836 2.29602625 2.29743938 2.29734181 2.29578930 2.29581660 2.29556825 2.29619417 2.29997175 2.29592815 2.29588017 2.29610692 2.29591799 2.29595792 2.29596538 2.29536196 2.29606132 2.29595615 2.29600358 2.29594934 2.29596806 2.29591280 2.29591280 2.29527417 2.29616893 2.29642304 2.29609480 2.29658725 2.29637288 2.29632093 2.29567008 2.29604147 2.29588356 2.29640472 2.29616811 2.29681293 2.29655974 2.29577664 2.29594197 2.29571810 2.29571255 2.29573028 2.29591735 2.29604257 2.29592940 2.29566664 2.29589149 2.29569936 2.29566631 2.29581807 2.29647419 2.29625440 2.29609079 2.29630696 2.29614069 2.29647606 2.29693344 2.29631575 2.29706446 2.29569793 2.29563512 2.29578023 2.29575574 2.29570577 2.29649420 2.29620729 2.29707828 2.29653810 2.29617648 2.29568254 2.29625360 2.29589106 2.29621457 2.29591564 2.29593005 2.29589715 2.29602722 2.29627382 2.29623769 2.29571764 2.29627787 2.29632543 2.29604821 2.29621113 2.29613904 2.29583736 2.29600334 2.29603738 2.29596428 2.29611049 2.29592330 2.29587412 2.29594404 2.29586389 2.29596765 2.29590469 2.29628163 2.29610372 2.29568021 2.29649715 2.29592029 2.29589291 2.29570983 2.29597748 2.29669143 2.29598196 2.29588045 2.29589674 2.29590088 2.29590908 2.29590518 2.29825397 2.29593258 2.29596683 2.29612830 2.29587941 2.29593967 2.29594517 2.29614010 2.29592420 2.29583684 2.29602552 2.29579899 2.29593217 2.29579788 2.30879947 2.29894360 2.30835517 2.29606378 2.29890930 2.29986686 2.29931347 2.29809474 2.29707950 2.29804528 2.29845838 2.30460386 2.29702452 2.29676928 2.29735684 2.29575649 2.29571382 2.29577040 2.29645718 2.29706429 2.29918338 2.29556479 2.29548190 2.30239456 2.29598508 2.29644757 2.29542596 2.30102374 2.30144941 2.29828057 2.30050333 2.30644898 2.30293540 2.30703808 2.29669111 2.29956335 2.29596924 2.29591907 2.29673140 2.29522568 2.29581672 2.30551435 2.29686228 2.29609765 2.29603942 2.29603562 2.29591465 2.29660033 2.29539866 2.29545022 2.29539866 2.29543896 
/content/drive/MyDrive/KCL/Leprosy/results_3/bam/SRR3672748.final.bam 2.32225650 2.32225292 2.32222650 2.32210555 2.32222119 2.32209297 0.36716560 0.46489286 0.28585398 0.02272954 0.02557804 0.07443418 0.02695327 0.02485332 0.00000000 2.32282513 0.47625171 0.37269265 2.32210679 2.32204436 2.32230318 2.32378246 2.32361167 2.32206554 2.32209297 2.32184543 2.32247177 2.32632090 2.32219918 2.32215753 2.32238401 2.32219467 2.32223491 2.32224317 2.32161440 2.32233695 2.32223415 2.32228360 2.32222689 2.32224466 2.32219013 2.32219013 2.32155498 2.32244695 2.32269887 2.32237222 2.32281835 2.32264639 2.32259494 2.32194615 2.32231875 2.32213284 2.32268054 2.32241440 2.32309054 2.32279968 2.32205514 2.32221696 2.32199419 2.32198854 2.32200659 2.32216662 2.32229232 2.32217915 2.32194270 2.32214124 2.32197547 2.32194229 2.32209600 2.32275156 2.32252964 2.32242030 2.32258415 2.32241635 2.32271013 2.32315943 2.32254981 2.32331401 2.32197412 2.32191116 2.32205792 2.32203169 2.32198209 2.32276943 2.32249938 2.32334355 2.32277136 2.32245152 2.32197479 2.32251785 2.32216949 2.32247721 2.32219309 2.32220649 2.32217442 2.32230478 2.32251142 2.32250099 2.32200913 2.32251475 2.32254712 2.32232593 2.32244682 2.32240329 2.32211389 2.32228069 2.32231456 2.32224192 2.32238793 2.32220083 2.32215086 2.32222188 2.32214109 2.32224496 2.32218147 2.32256002 2.32235375 2.32197225 2.32275400 2.32219758 2.32219886 2.32195777 2.32225596 2.32296965 2.32225857 2.32215795 2.32217441 2.32217746 2.32218683 2.32218245 2.32455909 2.32220916 2.32224469 2.32240471 2.32215626 2.32221659 2.32222179 2.32241690 2.32220119 2.32211471 2.32230236 2.32207637 2.32220909 2.32207352 2.33488400 2.32520597 2.33469779 2.32234227 2.32516460 2.32618290 2.32556006 2.32427610 2.32333452 2.32430022 2.32476863 2.33085292 2.32326556 2.32300688 2.32350494 2.32203370 2.32199135 2.32204739 2.32269646 2.32332081 2.32546965 2.32184152 2.32173422 2.32866029 2.32226003 2.32271083 2.32164054 2.32734568 2.32765216 2.32466231 2.32677465 2.33271618 2.32915178 2.33336369 2.32302271 2.32585574 2.32224748 2.32219806 2.32307413 2.32146216 2.32203192 2.33184557 2.32309110 2.32237664 2.32222422 2.32231338 2.32219135 2.32285470 2.32163492 2.32168675 2.32163492 2.32167551 
/content/drive/MyDrive/KCL/Leprosy/results_3/bam/SRR3672749.final.bam 0.00070791 0.00067990 0.00067990 0.00023989 0.00021590 0.00023190 1.35353015 1.16653582 1.54187148 2.30461734 2.29148959 2.09902138 2.28688946 2.29652087 2.32282513 0.00000000 1.20042502 1.34355027 0.00023989 0.00022790 0.00029189 0.00067995 0.00064792 0.00022790 0.00023190 0.00057988 0.00075994 0.00178203 0.00067991 0.00065190 0.00072392 0.00069591 0.00069191 0.00067590 0.00067595 0.00074393 0.00066790 0.00060394 0.00067590 0.00069190 0.00067190 0.00067190 0.00087208 0.00072792 0.00072792 0.00071592 0.00117226 0.00087999 0.00085597 0.00049587 0.00070391 0.00068391 0.00084398 0.00081997 0.00077995 0.00108816 0.00062389 0.00070391 0.00045587 0.00049187 0.00049187 0.00069191 0.00070792 0.00069591 0.00047187 0.00069591 0.00047987 0.00047187 0.00063189 0.00071992 0.00078795 0.00079196 0.00077594 0.00077994 0.00104011 0.00134041 0.00100808 0.00134043 0.00049987 0.00047987 0.00062389 0.00050387 0.00048787 0.00077994 0.00071193 0.00087201 0.00106813 0.00077594 0.00069992 0.00077195 0.00066390 0.00091201 0.00069190 0.00068791 0.00066790 0.00069991 0.00090401 0.00092002 0.00069591 0.00092803 0.00095604 0.00069991 0.00092402 0.00087602 0.00065989 0.00068790 0.00071591 0.00069191 0.00072392 0.00067190 0.00067590 0.00067190 0.00065990 0.00067990 0.00068391 0.00075593 0.00072793 0.00069992 0.00098007 0.00070792 0.00064390 0.00054789 0.00067991 0.00078795 0.00072392 0.00066790 0.00065590 0.00069991 0.00065990 0.00067190 0.00111621 0.00069591 0.00068390 0.00075193 0.00067191 0.00071192 0.00067190 0.00075593 0.00068391 0.00063189 0.00070792 0.00065190 0.00069192 0.00047587 0.01693085 0.00176221 0.00477157 0.00075195 0.00187470 0.00184259 0.00179061 0.00134520 0.00114036 0.00134522 0.00154960 0.00324229 0.00099618 0.00095213 0.00128911 0.00048387 0.00047587 0.00049187 0.00092013 0.00112035 0.00174640 0.00057187 0.00085607 0.00268243 0.00081600 0.00112021 0.00070001 0.00210344 0.00336263 0.00250154 0.00233279 0.00473051 0.00365698 0.00411727 0.00092408 0.00188285 0.00067590 0.00066791 0.00108434 0.00076793 0.00081211 0.00325064 0.00103614 0.00070391 0.00084410 0.00069591 0.00068390 0.00124464 0.00070791 0.00071992 0.00070791 0.00073592 
/content/drive/MyDrive/KCL/Leprosy/results_3/bam/SRR3672750.final.bam 1.20018803 1.20022629 1.20020862 1.20011789 1.20017478 1.20009734 0.08464885 0.08838824 0.13486726 0.46539415 0.45929373 0.37294348 0.45576748 0.46051575 0.47625171 1.20042502 0.00000000 0.08360854 1.20011804 1.20006664 1.20018944 1.20110449 1.20122965 1.20007684 1.20009734 1.19981843 1.20041737 1.20287669 1.20014013 1.20008834 1.20025798 1.20017832 1.20025389 1.20016034 1.19975076 1.20029039 1.20021616 1.20013226 1.20022658 1.20025753 1.20012904 1.20012904 1.19948449 1.20033848 1.20058001 1.20034340 1.20169460 1.20074126 1.20067528 1.20005215 1.20031665 1.20018851 1.20071496 1.20055994 1.20081363 1.20121689 1.19980464 1.20027271 1.19999550 1.20003128 1.20003586 1.20021930 1.20031696 1.20021343 1.19998665 1.20009666 1.20001459 1.19998917 1.20007066 1.20052951 1.20048236 1.20042847 1.20041394 1.20031740 1.20094163 1.20169569 1.20081614 1.20179674 1.20005207 1.19997956 1.20004508 1.20007283 1.20000202 1.20048810 1.20024460 1.20096481 1.20102929 1.20036474 1.19975093 1.20045871 1.20003878 1.20056156 1.20017817 1.20024583 1.20016809 1.20027691 1.20058592 1.20055780 1.19980119 1.20061528 1.20070353 1.20028997 1.20059851 1.20044730 1.20014054 1.20026248 1.20029956 1.20023631 1.20037430 1.20018309 1.20016597 1.20019065 1.20016124 1.20023142 1.20010451 1.20044859 1.20038382 1.19974628 1.20097058 1.20021312 1.20001524 1.20009029 1.20009512 1.20071459 1.20031119 1.20014428 1.20015293 1.20019629 1.20017865 1.20017604 1.20159530 1.20024372 1.20023106 1.20037979 1.20009621 1.20024414 1.20013625 1.20037665 1.20022326 1.19998174 1.20021326 1.19999947 1.20017988 1.19989540 1.18506665 1.20091346 1.20620273 1.19994169 1.20116163 1.20139958 1.20179726 1.20099853 1.20040557 1.20116750 1.20129830 1.20460759 1.20035187 1.20024691 1.20043938 1.20001103 1.19997736 1.20003172 1.20009313 1.20016020 1.20157355 1.19983201 1.19955396 1.20325234 1.20037876 1.20128093 1.19981797 1.20325937 1.20079932 1.20016812 1.20090588 1.20360454 1.20166790 1.20599192 1.19971466 1.20139336 1.20005461 1.20001167 1.20054842 1.19924793 1.19976864 1.20558503 1.20088082 1.20017588 1.20032019 1.20027671 1.20022505 1.20104422 1.19941543 1.19943434 1.19941543 1.19943070 
